1 1 1035.00 2
2 1 10.50 1
3 0 5.00 0
4 1 20.00 2
5 0 15.00 0
6 1 30.50 3
7 0 0.00 0
8 1 12.00 1
9 0 7.50 0
10 1 25.00 2
11 0 10.00 1
12 1 18.00 2
13 0 0.00 0
14 1 8.50 1
15 0 6.00 0
16 1 22.00 3
17 0 0.00 0
18 1 14.50 1
19 0 9.00 0
20 1 35.00 5
21 1 0.00 1
22 1 11.50 1
23 0 0.00 0
24 1 19.00 2
25 0 13.00 1
26 1 16.50 2
27 0 0.00 0
28 1 21.00 3
29 0 8.00 0
30 1 27.00 4
31 0 0.00 0
32 1 13.50 1
33 0 10.50 0
34 1 30.00 4
35 0 5.50 0
36 1 12.00 2
37 0 0.00 0
38 1 23.00 3
39 0 9.00 0
40 1 28.00 5
41 0 0.00 0
42 1 17.50 2
43 0 7.50 0
44 1 25.50 3
45 0 0.00 0
46 1 19.50 2
47 0 12.00 1
48 1 24.00 3
49 0 11.50 0
50 1 31.00 5
